left_camera:
  K: [1154.134, 0.0, 1037.912, 0.0, 1157.895, 800.642, 0.0, 0.0, 1.0]
  D: [-0.28055, 0.05788, 0.0, 0.0, 0.0]
  R: [1, 0, 0, 0, 1, 0, 0, 0, 1]
  P: [1152.447, 0.0, 827.638, 0.0, 0.0, 1152.447, 804.042, 0.0, 0.0, 0.0, 1.0, 0.0]

right_camera:
  K: [1142.847, 0.0, 1052.866, 0.0, 1146.998, 790.542, 0.0, 0.0, 1.0]
  D: [-0.27554, 0.05582, 0.0, 0.0, 0.0]
  R: [1, 0, 0, 0, 1, 0, 0, 0, 1]
  P: [1152.447, 0.0, 827.638, -136.946, 0.0, 1152.447, 804.042, 0.0, 0.0, 0.0, 1.0, 0.0]

